# 1363 vectors

28 VARIABLES

VARIABLE 1 : INT   # (minimum value: 0, maximum value: 425)

# marginal frequency distribution - sample size: 1363
# mean: 85.146   variance: 10463.8   standard deviation: 102.293
# coefficient of skewness: 0.694857   coefficient of kurtosis: -1.01065

#    | frequency
#   0  660
#   1    9
#   2    3
#   3    3
#   4    7
#   5    4
#   6    1
#   7    4
#   8    1
#   9    4
#  10    2
#  11    2
#  12    4
#  13    3
#  14    2
#  15    2
#  16    0
#  17    4
#  18    1
#  19    2
#  20    0
#  21    1
#  22    1
#  23    4
#  24    1
#  25    1
#  26    0
#  27    3
#  28    0
#  29    1
#  30    0
#  31    0
#  32    2
#  33    1
#  34    1
#  35    2
#  36    3
#  37    2
#  38    2
#  39    2
#  40    0
#  41    1
#  42    2
#  43    2
#  44    0
#  45    2
#  46    2
#  47    1
#  48    1
#  49    0
#  50    3
#  51    2
#  52    0
#  53    1
#  54    2
#  55    0
#  56    4
#  57    3
#  58    2
#  59    1
#  60    0
#  61    2
#  62    1
#  63    0
#  64    0
#  65    0
#  66    0
#  67    5
#  68    1
#  69    1
#  70    2
#  71    1
#  72    1
#  73    3
#  74    2
#  75    2
#  76    1
#  77    1
#  78    1
#  79    1
#  80    1
#  81    0
#  82    0
#  83    1
#  84    0
#  85    2
#  86    5
#  87    1
#  88    2
#  89    0
#  90    0
#  91    1
#  92    1
#  93    0
#  94    1
#  95    2
#  96    2
#  97    1
#  98    0
#  99    2
# 100    0
# 101    1
# 102    2
# 103    2
# 104    1
# 105    2
# 106    0
# 107    2
# 108    1
# 109    2
# 110    2
# 111    1
# 112    3
# 113    3
# 114    1
# 115    1
# 116    2
# 117    2
# 118    2
# 119    2
# 120    3
# 121    2
# 122    2
# 123    2
# 124    3
# 125    1
# 126    2
# 127    2
# 128    3
# 129    2
# 130    2
# 131    1
# 132    1
# 133    3
# 134    2
# 135    2
# 136    5
# 137    3
# 138    2
# 139    5
# 140    2
# 141    6
# 142    0
# 143    1
# 144    4
# 145    2
# 146    3
# 147    2
# 148    1
# 149    1
# 150    2
# 151    3
# 152    3
# 153    2
# 154    1
# 155    1
# 156    6
# 157    3
# 158    0
# 159    6
# 160    2
# 161    2
# 162    4
# 163    4
# 164    7
# 165    3
# 166    4
# 167    4
# 168    2
# 169    1
# 170    1
# 171    2
# 172    1
# 173    4
# 174    3
# 175    7
# 176    1
# 177    2
# 178    7
# 179    2
# 180    7
# 181    3
# 182    3
# 183    3
# 184    3
# 185    4
# 186    0
# 187    3
# 188    1
# 189    4
# 190    3
# 191    3
# 192    7
# 193    4
# 194    2
# 195    1
# 196    5
# 197    3
# 198    5
# 199    4
# 200    3
# 201    7
# 202    1
# 203    7
# 204    3
# 205    6
# 206    4
# 207    4
# 208    3
# 209    5
# 210    3
# 211    6
# 212    5
# 213    1
# 214    4
# 215    3
# 216    1
# 217    4
# 218    3
# 219    6
# 220    4
# 221    2
# 222    6
# 223    3
# 224    4
# 225    3
# 226    4
# 227    3
# 228    2
# 229    5
# 230    0
# 231    2
# 232    2
# 233    9
# 234    2
# 235    3
# 236    2
# 237    1
# 238    5
# 239    5
# 240    1
# 241    5
# 242    3
# 243    4
# 244    2
# 245    2
# 246    3
# 247    3
# 248    7
# 249    4
# 250    1
# 251    7
# 252    2
# 253    3
# 254    2
# 255    4
# 256    2
# 257    2
# 258    3
# 259    1
# 260    3
# 261    2
# 262    3
# 263    4
# 264    1
# 265    1
# 266    1
# 267    3
# 268    3
# 269    2
# 270    1
# 271    3
# 272    0
# 273    1
# 274    1
# 275    0
# 276    0
# 277    2
# 278    0
# 279    2
# 280    0
# 281    1
# 282    2
# 283    3
# 284    1
# 285    2
# 286    1
# 287    1
# 288    2
# 289    2
# 290    0
# 291    0
# 292    4
# 293    0
# 294    1
# 295    0
# 296    0
# 297    1
# 298    1
# 299    2
# 300    0
# 301    0
# 302    1
# 303    2
# 304    0
# 305    0
# 306    0
# 307    0
# 308    0
# 309    1
# 310    0
# 311    1
# 312    1
# 313    0
# 314    0
# 315    0
# 316    1
# 317    0
# 318    0
# 319    1
# 320    1
# 321    0
# 322    0
# 323    0
# 324    1
# 325    1
# 326    0
# 327    0
# 328    0
# 329    0
# 330    1
# 331    0
# 332    1
# 333    0
# 334    0
# 335    0
# 336    0
# 337    0
# 338    0
# 339    0
# 340    0
# 341    0
# 342    0
# 343    0
# 344    0
# 345    0
# 346    1
# 347    0
# 348    0
# 349    0
# 350    0
# 351    0
# 352    0
# 353    0
# 354    0
# 355    0
# 356    0
# 357    1
# 358    0
# 359    0
# 360    0
# 361    0
# 362    0
# 363    0
# 364    0
# 365    0
# 366    0
# 367    0
# 368    0
# 369    0
# 370    0
# 371    0
# 372    0
# 373    0
# 374    0
# 375    1
# 376    0
# 377    0
# 378    0
# 379    0
# 380    0
# 381    0
# 382    0
# 383    0
# 384    0
# 385    0
# 386    0
# 387    0
# 388    0
# 389    0
# 390    0
# 391    1
# 392    0
# 393    0
# 394    0
# 395    0
# 396    0
# 397    0
# 398    0
# 399    0
# 400    0
# 401    0
# 402    0
# 403    0
# 404    0
# 405    0
# 406    0
# 407    0
# 408    0
# 409    0
# 410    0
# 411    0
# 412    0
# 413    0
# 414    0
# 415    0
# 416    0
# 417    0
# 418    0
# 419    0
# 420    0
# 421    0
# 422    0
# 423    0
# 424    0
# 425    1

VARIABLE 2 : INT   # (minimum value: 0, maximum value: 561)

# marginal frequency distribution - sample size: 1363
# mean: 63.6875   variance: 11019.7   standard deviation: 104.975
# coefficient of skewness: 1.80701   coefficient of kurtosis: 2.66546

#    | frequency
#   0  677
#   1   26
#   2   13
#   3   12
#   4   13
#   5    8
#   6   11
#   7    6
#   8    9
#   9    6
#  10    9
#  11    6
#  12    9
#  13    3
#  14    4
#  15    9
#  16    3
#  17    5
#  18    6
#  19    4
#  20    5
#  21    4
#  22    4
#  23    3
#  24    2
#  25    4
#  26    3
#  27    7
#  28    2
#  29    6
#  30    0
#  31    3
#  32    1
#  33    3
#  34    3
#  35    4
#  36    4
#  37    2
#  38    1
#  39    7
#  40    2
#  41    1
#  42    4
#  43    3
#  44    3
#  45    1
#  46    1
#  47    2
#  48    4
#  49    4
#  50    2
#  51    0
#  52    1
#  53    1
#  54    2
#  55    5
#  56    1
#  57    5
#  58    0
#  59    4
#  60    0
#  61    1
#  62    3
#  63    1
#  64    1
#  65    0
#  66    0
#  67    3
#  68    4
#  69    3
#  70    1
#  71    7
#  72    2
#  73    5
#  74    1
#  75    5
#  76    0
#  77    3
#  78    5
#  79    2
#  80    2
#  81    2
#  82    0
#  83    0
#  84    2
#  85    2
#  86    2
#  87    2
#  88    3
#  89    2
#  90    0
#  91    0
#  92    2
#  93    2
#  94    6
#  95    1
#  96    0
#  97    2
#  98    0
#  99    6
# 100    3
# 101    0
# 102    0
# 103    1
# 104    0
# 105    0
# 106    1
# 107    2
# 108    1
# 109    1
# 110    4
# 111    2
# 112    0
# 113    2
# 114    3
# 115    0
# 116    3
# 117    1
# 118    1
# 119    2
# 120    1
# 121    1
# 122    1
# 123    3
# 124    3
# 125    2
# 126    0
# 127    1
# 128    1
# 129    2
# 130    1
# 131    1
# 132    3
# 133    1
# 134    3
# 135    2
# 136    1
# 137    4
# 138    1
# 139    1
# 140    0
# 141    1
# 142    3
# 143    1
# 144    3
# 145    1
# 146    2
# 147    1
# 148    1
# 149    2
# 150    2
# 151    1
# 152    2
# 153    2
# 154    1
# 155    2
# 156    1
# 157    1
# 158    3
# 159    3
# 160    0
# 161    0
# 162    2
# 163    1
# 164    1
# 165    0
# 166    3
# 167    2
# 168    0
# 169    0
# 170    1
# 171    4
# 172    2
# 173    1
# 174    1
# 175    2
# 176    1
# 177    1
# 178    0
# 179    1
# 180    1
# 181    0
# 182    3
# 183    1
# 184    0
# 185    1
# 186    2
# 187    3
# 188    2
# 189    0
# 190    1
# 191    2
# 192    2
# 193    0
# 194    1
# 195    2
# 196    1
# 197    1
# 198    2
# 199    2
# 200    5
# 201    1
# 202    3
# 203    0
# 204    1
# 205    1
# 206    2
# 207    0
# 208    1
# 209    1
# 210    2
# 211    1
# 212    1
# 213    0
# 214    3
# 215    1
# 216    3
# 217    0
# 218    0
# 219    2
# 220    1
# 221    4
# 222    1
# 223    1
# 224    0
# 225    1
# 226    4
# 227    1
# 228    1
# 229    0
# 230    3
# 231    1
# 232    0
# 233    1
# 234    1
# 235    2
# 236    1
# 237    0
# 238    3
# 239    2
# 240    1
# 241    0
# 242    0
# 243    0
# 244    1
# 245    0
# 246    2
# 247    2
# 248    1
# 249    4
# 250    1
# 251    0
# 252    2
# 253    0
# 254    0
# 255    1
# 256    1
# 257    2
# 258    3
# 259    1
# 260    2
# 261    0
# 262    2
# 263    1
# 264    2
# 265    1
# 266    3
# 267    1
# 268    1
# 269    0
# 270    1
# 271    0
# 272    3
# 273    0
# 274    1
# 275    1
# 276    1
# 277    2
# 278    1
# 279    1
# 280    1
# 281    0
# 282    0
# 283    1
# 284    0
# 285    3
# 286    1
# 287    0
# 288    1
# 289    0
# 290    0
# 291    1
# 292    1
# 293    0
# 294    1
# 295    0
# 296    0
# 297    0
# 298    0
# 299    0
# 300    1
# 301    3
# 302    2
# 303    1
# 304    0
# 305    2
# 306    1
# 307    2
# 308    0
# 309    2
# 310    0
# 311    1
# 312    0
# 313    1
# 314    1
# 315    0
# 316    0
# 317    0
# 318    0
# 319    0
# 320    1
# 321    1
# 322    2
# 323    0
# 324    0
# 325    1
# 326    0
# 327    2
# 328    0
# 329    0
# 330    2
# 331    1
# 332    0
# 333    1
# 334    0
# 335    1
# 336    1
# 337    0
# 338    0
# 339    1
# 340    1
# 341    1
# 342    1
# 343    1
# 344    0
# 345    0
# 346    0
# 347    0
# 348    1
# 349    1
# 350    0
# 351    0
# 352    0
# 353    0
# 354    2
# 355    1
# 356    0
# 357    0
# 358    0
# 359    1
# 360    0
# 361    0
# 362    0
# 363    1
# 364    1
# 365    1
# 366    0
# 367    0
# 368    2
# 369    0
# 370    0
# 371    2
# 372    1
# 373    0
# 374    0
# 375    0
# 376    0
# 377    1
# 378    1
# 379    3
# 380    0
# 381    0
# 382    0
# 383    0
# 384    0
# 385    0
# 386    0
# 387    0
# 388    1
# 389    0
# 390    0
# 391    2
# 392    0
# 393    0
# 394    0
# 395    1
# 396    0
# 397    0
# 398    0
# 399    1
# 400    0
# 401    0
# 402    0
# 403    0
# 404    0
# 405    0
# 406    0
# 407    0
# 408    0
# 409    1
# 410    0
# 411    0
# 412    0
# 413    1
# 414    0
# 415    0
# 416    0
# 417    0
# 418    0
# 419    0
# 420    0
# 421    0
# 422    0
# 423    0
# 424    0
# 425    0
# 426    0
# 427    0
# 428    0
# 429    0
# 430    0
# 431    0
# 432    0
# 433    0
# 434    0
# 435    0
# 436    0
# 437    0
# 438    0
# 439    0
# 440    0
# 441    0
# 442    0
# 443    0
# 444    0
# 445    0
# 446    0
# 447    0
# 448    0
# 449    1
# 450    0
# 451    0
# 452    0
# 453    0
# 454    0
# 455    2
# 456    0
# 457    0
# 458    0
# 459    0
# 460    0
# 461    0
# 462    0
# 463    0
# 464    0
# 465    0
# 466    0
# 467    0
# 468    0
# 469    0
# 470    0
# 471    0
# 472    0
# 473    0
# 474    0
# 475    1
# 476    0
# 477    1
# 478    0
# 479    0
# 480    0
# 481    1
# 482    0
# 483    0
# 484    0
# 485    0
# 486    0
# 487    0
# 488    0
# 489    0
# 490    1
# 491    0
# 492    0
# 493    0
# 494    0
# 495    0
# 496    0
# 497    0
# 498    0
# 499    0
# 500    0
# 501    0
# 502    0
# 503    1
# 504    0
# 505    0
# 506    0
# 507    0
# 508    0
# 509    0
# 510    0
# 511    0
# 512    0
# 513    0
# 514    0
# 515    0
# 516    0
# 517    0
# 518    0
# 519    0
# 520    0
# 521    1
# 522    0
# 523    0
# 524    0
# 525    0
# 526    0
# 527    0
# 528    0
# 529    0
# 530    0
# 531    0
# 532    0
# 533    0
# 534    0
# 535    0
# 536    0
# 537    0
# 538    0
# 539    0
# 540    0
# 541    1
# 542    0
# 543    0
# 544    0
# 545    0
# 546    0
# 547    0
# 548    0
# 549    0
# 550    0
# 551    0
# 552    0
# 553    0
# 554    0
# 555    0
# 556    0
# 557    0
# 558    0
# 559    0
# 560    0
# 561    1

VARIABLE 3 : INT   # (minimum value: 0, maximum value: 58)

# marginal frequency distribution - sample size: 1363
# mean: 2.39325   variance: 36.1756   standard deviation: 6.01462
# coefficient of skewness: 3.80667   coefficient of kurtosis: 18.541

#    | frequency
#  0  991
#  1   54
#  2   43
#  3   25
#  4   25
#  5   30
#  6   14
#  7   25
#  8   21
#  9   19
# 10   12
# 11   11
# 12    7
# 13   11
# 14    2
# 15    1
# 16    8
# 17   10
# 18    4
# 19    9
# 20    7
# 21    3
# 22    4
# 23    3
# 24    3
# 25    4
# 26    1
# 27    2
# 28    0
# 29    0
# 30    2
# 31    1
# 32    1
# 33    1
# 34    2
# 35    1
# 36    0
# 37    1
# 38    0
# 39    0
# 40    0
# 41    0
# 42    0
# 43    2
# 44    0
# 45    0
# 46    1
# 47    0
# 48    0
# 49    1
# 50    0
# 51    0
# 52    0
# 53    0
# 54    0
# 55    0
# 56    0
# 57    0
# 58    1

VARIABLE 4 : INT   # (minimum value: 0, maximum value: 15)

# marginal frequency distribution - sample size: 1363
# mean: 0.19956   variance: 1.30523   standard deviation: 1.14247
# coefficient of skewness: 7.94717   coefficient of kurtosis: 73.2771

#    | frequency
#  0  1289
#  1    23
#  2    19
#  3     6
#  4     5
#  5     3
#  6     4
#  7     3
#  8     5
#  9     1
# 10     0
# 11     2
# 12     0
# 13     1
# 14     1
# 15     1

VARIABLE 5 : INT   # (minimum value: 0, maximum value: 85)

# marginal frequency distribution - sample size: 1363
# mean: 0.961849   variance: 22.906   standard deviation: 4.78602
# coefficient of skewness: 9.21012   coefficient of kurtosis: 117.229

#    | frequency
#  0  1248
#  1     8
#  2     9
#  3    11
#  4     5
#  5     4
#  6     8
#  7     6
#  8     7
#  9     9
# 10     8
# 11     1
# 12     2
# 13     2
# 14     5
# 15     5
# 16     4
# 17     1
# 18     1
# 19     2
# 20     2
# 21     3
# 22     2
# 23     2
# 24     0
# 25     1
# 26     0
# 27     1
# 28     1
# 29     0
# 30     0
# 31     0
# 32     0
# 33     0
# 34     0
# 35     0
# 36     0
# 37     0
# 38     1
# 39     0
# 40     0
# 41     0
# 42     0
# 43     0
# 44     1
# 45     0
# 46     0
# 47     0
# 48     0
# 49     0
# 50     0
# 51     0
# 52     0
# 53     0
# 54     0
# 55     0
# 56     0
# 57     1
# 58     0
# 59     0
# 60     0
# 61     0
# 62     0
# 63     0
# 64     0
# 65     1
# 66     0
# 67     0
# 68     0
# 69     0
# 70     0
# 71     0
# 72     0
# 73     0
# 74     0
# 75     0
# 76     0
# 77     0
# 78     0
# 79     0
# 80     0
# 81     0
# 82     0
# 83     0
# 84     0
# 85     1

VARIABLE 6 : INT   # (minimum value: 0, maximum value: 15)

# marginal frequency distribution - sample size: 1363
# mean: 0.0674982   variance: 0.551975   standard deviation: 0.74295
# coefficient of skewness: 14.5114   coefficient of kurtosis: 233.963

#    | frequency
#  0  1343
#  1     4
#  2     5
#  3     3
#  4     2
#  5     0
#  6     1
#  7     1
#  8     0
#  9     0
# 10     1
# 11     1
# 12     1
# 13     0
# 14     0
# 15     1

VARIABLE 7 : INT   # (minimum value: 0, maximum value: 11)

# marginal frequency distribution - sample size: 1363
# mean: 0.188555   variance: 1.10906   standard deviation: 1.05312
# coefficient of skewness: 6.91204   coefficient of kurtosis: 51.3945

#    | frequency
#  0  1295
#  1    20
#  2    14
#  3     5
#  4     7
#  5     4
#  6     4
#  7     2
#  8     5
#  9     3
# 10     3
# 11     1

VARIABLE 8 : INT   # (minimum value: 0, maximum value: 52)

# marginal frequency distribution - sample size: 1363
# mean: 0.121056   variance: 2.79958   standard deviation: 1.67319
# coefficient of skewness: 24.2411   coefficient of kurtosis: 696.323

#    | frequency
#  0  1338
#  1     9
#  2     2
#  3     5
#  4     0
#  5     1
#  6     1
#  7     1
#  8     1
#  9     0
# 10     0
# 11     0
# 12     1
# 13     1
# 14     0
# 15     0
# 16     1
# 17     0
# 18     1
# 19     0
# 20     0
# 21     0
# 22     0
# 23     0
# 24     0
# 25     0
# 26     0
# 27     0
# 28     0
# 29     0
# 30     0
# 31     0
# 32     0
# 33     0
# 34     0
# 35     0
# 36     0
# 37     0
# 38     0
# 39     0
# 40     0
# 41     0
# 42     0
# 43     0
# 44     0
# 45     0
# 46     0
# 47     0
# 48     0
# 49     0
# 50     0
# 51     0
# 52     1

VARIABLE 9 : INT   # (minimum value: 0, maximum value: 63)

# marginal frequency distribution - sample size: 1363
# mean: 3.47689   variance: 53.7988   standard deviation: 7.33477
# coefficient of skewness: 3.23462   coefficient of kurtosis: 12.9175

#    | frequency
#  0  837
#  1   77
#  2   63
#  3   46
#  4   30
#  5   37
#  6   32
#  7   28
#  8   22
#  9   19
# 10   18
# 11   13
# 12   14
# 13   18
# 14    6
# 15    9
# 16   11
# 17    8
# 18    6
# 19    9
# 20    2
# 21    3
# 22    6
# 23    3
# 24    2
# 25    6
# 26    4
# 27    2
# 28    3
# 29    3
# 30    2
# 31    4
# 32    3
# 33    3
# 34    0
# 35    2
# 36    0
# 37    1
# 38    1
# 39    0
# 40    2
# 41    2
# 42    0
# 43    0
# 44    0
# 45    0
# 46    1
# 47    1
# 48    2
# 49    0
# 50    0
# 51    0
# 52    0
# 53    0
# 54    1
# 55    0
# 56    0
# 57    0
# 58    0
# 59    0
# 60    0
# 61    0
# 62    0
# 63    1

VARIABLE 10 : INT   # (minimum value: 0, maximum value: 4)

# marginal frequency distribution - sample size: 1363
# mean: 0.00733676   variance: 0.0175673   standard deviation: 0.132542
# coefficient of skewness: 23.8339   coefficient of kurtosis: 648.346

#    | frequency
# 0  1357
# 1     4
# 2     1
# 3     0
# 4     1

VARIABLE 11 : INT   # (minimum value: 0, maximum value: 12)

# marginal frequency distribution - sample size: 1363
# mean: 0.0117388   variance: 0.117336   standard deviation: 0.342544
# coefficient of skewness: 32.6801   coefficient of kurtosis: 1111.99

#    | frequency
#  0  1361
#  1     0
#  2     0
#  3     0
#  4     1
#  5     0
#  6     0
#  7     0
#  8     0
#  9     0
# 10     0
# 11     0
# 12     1

VARIABLE 12 : INT   # (minimum value: 0, maximum value: 41)

# marginal frequency distribution - sample size: 1363
# mean: 1.23184   variance: 15.6511   standard deviation: 3.95614
# coefficient of skewness: 5.77638   coefficient of kurtosis: 41.7488

#    | frequency
#  0  1044
#  1    94
#  2    54
#  3    39
#  4    22
#  5    15
#  6    16
#  7    14
#  8    11
#  9     6
# 10     4
# 11    11
# 12     5
# 13     5
# 14     2
# 15     1
# 16     5
# 17     0
# 18     0
# 19     0
# 20     1
# 21     1
# 22     0
# 23     2
# 24     1
# 25     1
# 26     0
# 27     0
# 28     1
# 29     0
# 30     1
# 31     0
# 32     0
# 33     1
# 34     1
# 35     1
# 36     1
# 37     0
# 38     0
# 39     1
# 40     1
# 41     1

VARIABLE 13 : INT   # (minimum value: 0, maximum value: 2)

# marginal frequency distribution - sample size: 1363
# mean: 0.00440205   variance: 0.00585432   standard deviation: 0.0765135
# coefficient of skewness: 19.5252   coefficient of kurtosis: 420.943

#    | frequency
# 0  1358
# 1     4
# 2     1

VARIABLE 14 : INT   # (minimum value: 0, maximum value: 3)

# marginal frequency distribution - sample size: 1363
# mean: 0.00220103   variance: 0.00660308   standard deviation: 0.0812593
# coefficient of skewness: 36.9188   coefficient of kurtosis: 1357

#    | frequency
# 0  1362
# 1     0
# 2     0
# 3     1

VARIABLE 15 : INT   # (minimum value: 0, maximum value: 22)

# marginal frequency distribution - sample size: 1363
# mean: 0.771093   variance: 5.31027   standard deviation: 2.3044
# coefficient of skewness: 4.06549   coefficient of kurtosis: 19.8513

#    | frequency
#  0  1131
#  1    52
#  2    41
#  3    26
#  4    23
#  5    20
#  6    11
#  7    19
#  8     4
#  9    10
# 10     6
# 11     8
# 12     4
# 13     2
# 14     1
# 15     1
# 16     1
# 17     1
# 18     0
# 19     0
# 20     1
# 21     0
# 22     1

VARIABLE 16 : INT   # (minimum value: 0, maximum value: 172)

# marginal frequency distribution - sample size: 1363
# mean: 3.16141   variance: 246.743   standard deviation: 15.7081
# coefficient of skewness: 6.11377   coefficient of kurtosis: 40.3245

#    | frequency
#   0  1249
#   1    14
#   2     9
#   3     2
#   4     2
#   5     5
#   6     3
#   7     1
#   8     2
#   9     2
#  10     3
#  11     2
#  12     0
#  13     2
#  14     2
#  15     3
#  16     1
#  17     1
#  18     4
#  19     1
#  20     0
#  21     0
#  22     0
#  23     0
#  24     0
#  25     2
#  26     0
#  27     2
#  28     0
#  29     0
#  30     2
#  31     0
#  32     1
#  33     1
#  34     2
#  35     0
#  36     0
#  37     2
#  38     2
#  39     0
#  40     1
#  41     1
#  42     1
#  43     1
#  44     0
#  45     1
#  46     0
#  47     1
#  48     1
#  49     1
#  50     1
#  51     0
#  52     1
#  53     1
#  54     0
#  55     0
#  56     0
#  57     0
#  58     0
#  59     0
#  60     0
#  61     0
#  62     1
#  63     0
#  64     0
#  65     0
#  66     2
#  67     0
#  68     0
#  69     0
#  70     0
#  71     1
#  72     0
#  73     1
#  74     0
#  75     0
#  76     0
#  77     0
#  78     0
#  79     2
#  80     0
#  81     2
#  82     1
#  83     1
#  84     1
#  85     0
#  86     0
#  87     0
#  88     0
#  89     0
#  90     1
#  91     0
#  92     0
#  93     0
#  94     0
#  95     0
#  96     0
#  97     2
#  98     0
#  99     0
# 100     1
# 101     0
# 102     1
# 103     2
# 104     1
# 105     0
# 106     0
# 107     0
# 108     0
# 109     1
# 110     0
# 111     0
# 112     0
# 113     0
# 114     2
# 115     1
# 116     1
# 117     0
# 118     2
# 119     0
# 120     0
# 121     0
# 122     0
# 123     0
# 124     0
# 125     0
# 126     0
# 127     0
# 128     0
# 129     0
# 130     0
# 131     0
# 132     1
# 133     0
# 134     0
# 135     0
# 136     1
# 137     0
# 138     0
# 139     0
# 140     0
# 141     0
# 142     0
# 143     0
# 144     0
# 145     0
# 146     0
# 147     0
# 148     0
# 149     0
# 150     0
# 151     0
# 152     0
# 153     0
# 154     0
# 155     0
# 156     0
# 157     0
# 158     0
# 159     0
# 160     0
# 161     0
# 162     0
# 163     0
# 164     0
# 165     0
# 166     0
# 167     0
# 168     0
# 169     0
# 170     0
# 171     0
# 172     1

VARIABLE 17 : INT   # (minimum value: 0, maximum value: 17)

# marginal frequency distribution - sample size: 1363
# mean: 0.33529   variance: 1.48148   standard deviation: 1.21716
# coefficient of skewness: 6.12719   coefficient of kurtosis: 52.6697

#    | frequency
#  0  1189
#  1    71
#  2    44
#  3    16
#  4    18
#  5    10
#  6     5
#  7     3
#  8     2
#  9     1
# 10     1
# 11     1
# 12     0
# 13     0
# 14     1
# 15     0
# 16     0
# 17     1

VARIABLE 18 : INT   # (minimum value: 0, maximum value: 4)

# marginal frequency distribution - sample size: 1363
# mean: 0.00586941   variance: 0.0234604   standard deviation: 0.153168
# coefficient of skewness: 26.0768   coefficient of kurtosis: 676.003

#    | frequency
# 0  1361
# 1     0
# 2     0
# 3     0
# 4     2

VARIABLE 19 : INT   # (minimum value: 0, maximum value: 93)

# marginal frequency distribution - sample size: 1363
# mean: 1.01687   variance: 36.1194   standard deviation: 6.00994
# coefficient of skewness: 7.84111   coefficient of kurtosis: 75.5304

#    | frequency
#  0  1298
#  1     9
#  2     2
#  3     2
#  4     1
#  5     0
#  6     1
#  7     1
#  8     3
#  9     1
# 10     0
# 11     0
# 12     3
# 13     2
# 14     2
# 15     0
# 16     3
# 17     0
# 18     1
# 19     2
# 20     5
# 21     0
# 22     1
# 23     1
# 24     0
# 25     3
# 26     1
# 27     1
# 28     5
# 29     1
# 30     0
# 31     0
# 32     0
# 33     0
# 34     1
# 35     1
# 36     1
# 37     0
# 38     0
# 39     0
# 40     1
# 41     2
# 42     0
# 43     1
# 44     0
# 45     1
# 46     0
# 47     0
# 48     1
# 49     0
# 50     0
# 51     0
# 52     1
# 53     0
# 54     0
# 55     1
# 56     0
# 57     1
# 58     0
# 59     0
# 60     0
# 61     1
# 62     0
# 63     0
# 64     0
# 65     0
# 66     0
# 67     0
# 68     0
# 69     0
# 70     0
# 71     0
# 72     0
# 73     0
# 74     0
# 75     0
# 76     0
# 77     0
# 78     0
# 79     0
# 80     0
# 81     0
# 82     0
# 83     0
# 84     0
# 85     0
# 86     0
# 87     0
# 88     0
# 89     0
# 90     0
# 91     0
# 92     0
# 93     1

VARIABLE 20 : INT   # (minimum value: 0, maximum value: 26)

# marginal frequency distribution - sample size: 1363
# mean: 0.0352164   variance: 0.603752   standard deviation: 0.777015
# coefficient of skewness: 29.6282   coefficient of kurtosis: 942.15

#    | frequency
#  0  1355
#  1     3
#  2     2
#  3     0
#  4     1
#  5     0
#  6     0
#  7     0
#  8     0
#  9     0
# 10     0
# 11     1
# 12     0
# 13     0
# 14     0
# 15     0
# 16     0
# 17     0
# 18     0
# 19     0
# 20     0
# 21     0
# 22     0
# 23     0
# 24     0
# 25     0
# 26     1

VARIABLE 21 : INT   # (minimum value: 0, maximum value: 7)

# marginal frequency distribution - sample size: 1363
# mean: 0.027146   variance: 0.0807604   standard deviation: 0.284184
# coefficient of skewness: 16.4679   coefficient of kurtosis: 331.415

#    | frequency
# 0  1341
# 1    17
# 2     1
# 3     1
# 4     2
# 5     0
# 6     0
# 7     1

VARIABLE 22 : INT   # (minimum value: 0, maximum value: 5)

# marginal frequency distribution - sample size: 1363
# mean: 0.0315481   variance: 0.0863755   standard deviation: 0.293897
# coefficient of skewness: 11.523   coefficient of kurtosis: 148.955

#    | frequency
# 0  1342
# 1     9
# 2     7
# 3     1
# 4     3
# 5     1

VARIABLE 23 : INT   # (minimum value: 0, maximum value: 9)

# marginal frequency distribution - sample size: 1363
# mean: 0.0454879   variance: 0.157988   standard deviation: 0.397477
# coefficient of skewness: 13.3075   coefficient of kurtosis: 230.927

#    | frequency
# 0  1335
# 1    12
# 2     8
# 3     4
# 4     2
# 5     1
# 6     0
# 7     0
# 8     0
# 9     1

VARIABLE 24 : INT   # (minimum value: 0, maximum value: 4)

# marginal frequency distribution - sample size: 1363
# mean: 0.0799707   variance: 0.130898   standard deviation: 0.361798
# coefficient of skewness: 5.86156   coefficient of kurtosis: 42.736

#    | frequency
# 0  1283
# 1    58
# 2    18
# 3     1
# 4     3

VARIABLE 25 : INT   # (minimum value: 0, maximum value: 3)

# marginal frequency distribution - sample size: 1363
# mean: 0.0110051   variance: 0.0197026   standard deviation: 0.140366
# coefficient of skewness: 16.514   coefficient of kurtosis: 315.216

#    | frequency
# 0  1352
# 1     9
# 2     0
# 3     2

VARIABLE 26 : INT   # (minimum value: 0, maximum value: 10)

# marginal frequency distribution - sample size: 1363
# mean: 0.0256787   variance: 0.110206   standard deviation: 0.331974
# coefficient of skewness: 22.538   coefficient of kurtosis: 619.364

#    | frequency
#  0  1346
#  1    10
#  2     4
#  3     1
#  4     1
#  5     0
#  6     0
#  7     0
#  8     0
#  9     0
# 10     1

VARIABLE 27 : INT   # (minimum value: 0, maximum value: 4)

# marginal frequency distribution - sample size: 1363
# mean: 0.00586941   variance: 0.0175867   standard deviation: 0.132615
# coefficient of skewness: 25.0887   coefficient of kurtosis: 676.226

#    | frequency
# 0  1360
# 1     0
# 2     2
# 3     0
# 4     1

VARIABLE 28 : INT   # (minimum value: 0, maximum value: 1)

# marginal frequency distribution - sample size: 1363
# mean: 0.0029347   variance: 0.00292824   standard deviation: 0.0541132
# coefficient of skewness: 18.3983   coefficient of kurtosis: 335.504

#    | frequency
# 0  1359
# 1     4

# variance-covariance matrix

#                1             2             3             4             5             6             7             8             9            10            11            12            13            14            15            16            17            18            19            20            21            22            23            24            25            26            27            28
#  1       10463.8      -4782.93      -130.514       4.19404       -42.098       5.08705      0.198589       4.19817      -125.692     -0.625154      -0.43637       11.4859     0.0463465      0.303643      -53.0906      -255.449       2.87612      0.618819      -86.1787      -3.00074      -2.13833      -2.64852      -3.85173      -2.50581     -0.937731      -1.71007     -0.500123    -0.0951424
#  2      -4782.93       11019.7       -8.0466      -6.65638       11.2561       2.07765       -3.5027      -6.02968       73.3826     -0.107103     -0.748164      -46.5413     0.0160611     -0.140281      -31.8418      -166.538      -8.90467     -0.374082      -63.0689      -2.21733      -1.55025      -1.50775      -2.43585      -3.23637     -0.403313     -0.378165     -0.231644     -0.109948
#  3      -130.514       -8.0466       36.1756      0.475797       2.43792     -0.138164      0.113021     0.0558838       6.94595   0.000783773    -0.0281145       4.18776   0.000470264   -0.00527148       1.32356      -7.14135     -0.295679   -0.00230984      -2.04629    -0.0799383    0.00546971    -0.0491261    -0.0384593    0.00817601    0.00961912     -0.011574    -0.0140573    0.00838987
#  4       4.19404      -6.65638      0.475797       1.30523    0.00174531   -0.00980874     0.0453107    -0.0175678     -0.129012    -0.0014652   -0.00234431     0.0711741  -0.000879118  -0.000439559     0.0369036     -0.528563       0.02702    0.00470156     -0.143605   -0.00629873    0.00412356    0.00251023   -0.00614736     -0.003489    -0.0021978   -0.00439397   -0.00117216  -0.000586079
#  5       -42.098       11.2561       2.43792    0.00174531        22.906      0.203018     -0.109541     -0.116524       0.72599   -0.00706203    -0.0112993       1.48609   -0.00423722   -0.00211861      0.331936      -2.97401     -0.104673   -0.00564963     -0.972924    -0.0338978    -0.0195216    0.00487555    -0.0335056     0.0199401     0.0121676    0.00611989   -0.00564963   0.000846259
#  6       5.08705       2.07765     -0.138164   -0.00980874      0.203018      0.551975     0.0988641   -0.00817709      0.230636  -0.000495581   -0.00079293    -0.0207999    0.00484215  -0.000148674    -0.0491487     -0.213546    -0.0226481  -0.000396465    -0.0686876   -0.00237879   -0.00183365     -0.002131    -0.0030726   -0.00540184  -0.000743372    0.00560761  -0.000396465  -0.000198232
#  7      0.198589       -3.5027      0.113021     0.0453107     -0.109541     0.0988641       1.10906     0.0153366       0.97022      0.010363   -0.00221503    -0.0107072     0.0123852  -0.000415319    -0.0316967     -0.548078     0.0255731   -0.00110752    -0.0736687    -0.0066451   1.72376e-05   -0.00301604   -0.00197532   -0.00481091   -0.00134238    0.00690205   -0.00110752  -0.000553758
#  8       4.19817      -6.02968     0.0558838    -0.0175678     -0.116524   -0.00817709     0.0153366       2.79958      0.116236    -0.0001546    -0.0014221      0.258991    0.00166935  -0.000266644    -0.0581721     -0.381522    -0.0229977  -0.000711051      -0.12319   -0.00426631    0.00919303    0.00498867  -0.000371147     0.0123384   -0.00133322   -0.00311085  -0.000711051  -0.000355526
#  9      -125.692       73.3826       6.94595     -0.129012       0.72599      0.230636       0.97022      0.116236       53.7988    0.00530918    0.00614521       1.55309     0.0221282   -0.00765835     -0.117629      -9.82299      -0.38248    -0.0174854      -3.34212     -0.118862     0.0369714     0.0480865    -0.0907248     -0.148297     0.0454087    0.00169521    -0.0204223   -0.00140056
# 10     -0.625154     -0.107103   0.000783773    -0.0014652   -0.00706203  -0.000495581      0.010363    -0.0001546    0.00530918     0.0175673   -8.6188e-05   -0.00904436  -3.23205e-05  -1.61603e-05   -0.00272462    -0.0144009   -0.00246175   -4.3094e-05     0.0923871  -0.000258564   0.000534905   -0.00023163  -0.000333979   0.000147058  -8.08013e-05  -0.000188536   -4.3094e-05   -2.1547e-05
# 11      -0.43637     -0.748164    -0.0281145   -0.00234431    -0.0112993   -0.00079293   -0.00221503    -0.0014221    0.00614521   -8.6188e-05      0.117336     -0.014471  -5.17128e-05  -2.58564e-05    0.00856278    -0.0371384     0.0136824  -6.89504e-05    -0.0119457  -0.000413703  -0.000318896  -0.000370609  -0.000534366   -0.00093945  -0.000129282  -0.000301658  -6.89504e-05  -3.44752e-05
# 12       11.4859      -46.5413       4.18776     0.0711741       1.48609    -0.0207999    -0.0107072      0.258991       1.55309   -0.00904436     -0.014471       15.6511    0.00338396   -0.00271331      0.230789      -2.52497     -0.106426     0.0573754     -0.470875    -0.0243233     0.0135256    0.00295948     0.0738809    -0.0251621   -0.00108489     0.0153345   -0.00723549     0.0176745
# 13     0.0463465     0.0160611   0.000470264  -0.000879118   -0.00423722    0.00484215     0.0123852    0.00166935     0.0221282  -3.23205e-05  -5.17128e-05    0.00338396    0.00585432  -9.69615e-06   -0.00119424    -0.0139269   -0.00147705  -2.58564e-05   -0.00447962  -0.000155138  -0.000119586  -0.000138978  -0.000200387  -0.000352294  -4.84808e-05  -0.000113122  -2.58564e-05  -1.29282e-05
# 14      0.303643     -0.140281   -0.00527148  -0.000439559   -0.00211861  -0.000148674  -0.000415319  -0.000266644   -0.00765835  -1.61603e-05  -2.58564e-05   -0.00271331  -9.69615e-06    0.00660308   -0.00169844   -0.00696346  -0.000738524  -1.29282e-05   -0.00223981  -7.75692e-05   -5.9793e-05  -6.94891e-05  -0.000100194  -0.000176147  -2.42404e-05  -5.65609e-05  -1.29282e-05   -6.4641e-06
# 15      -53.0906      -31.8418       1.32356     0.0369036      0.331936    -0.0491487    -0.0316967    -0.0581721     -0.117629   -0.00272462    0.00856278      0.230789   -0.00119424   -0.00169844       5.31027     -0.355096      0.148025   -0.00452918       1.23441     0.0080672      0.139111      0.164349      0.119818     0.0587011      0.023079     0.0198324   -0.00452918    0.00287491
# 16      -255.449      -166.538      -7.14135     -0.528563      -2.97401     -0.213546     -0.548078     -0.381522      -9.82299    -0.0144009    -0.0371384      -2.52497    -0.0139269   -0.00696346     -0.355096       246.743       1.18373    -0.0185692       30.5266      0.647028      0.239374    -0.0968727      0.618203      0.842442    0.00189344     -0.066556     0.0328258   -0.00928461
# 17       2.87612      -8.90467     -0.295679       0.02702     -0.104673    -0.0226481     0.0255731    -0.0229977      -0.38248   -0.00246175     0.0136824     -0.106426   -0.00147705  -0.000738524      0.148025       1.18373       1.48148    -0.0019694    -0.0614623     -0.010348    0.00190476    -0.0105855    -0.0086549     0.0979834   -2.1547e-05     0.0354368    -0.0019694    0.00121794
# 18      0.618819     -0.374082   -0.00230984    0.00470156   -0.00564963  -0.000396465   -0.00110752  -0.000711051    -0.0174854   -4.3094e-05  -6.89504e-05     0.0573754  -2.58564e-05  -1.29282e-05   -0.00452918    -0.0185692    -0.0019694     0.0234604   -0.00597283  -0.000206851  -0.000159448  -0.000185304  -0.000267183  -0.000469725   -6.4641e-05  -0.000150829  -3.44752e-05  -1.72376e-05
# 19      -86.1787      -63.0689      -2.04629     -0.143605     -0.972924    -0.0686876    -0.0736687      -0.12319      -3.34212     0.0923871    -0.0119457     -0.470875   -0.00447962   -0.00223981       1.23441       30.5266    -0.0614623   -0.00597283       36.1194      0.912768      0.148587   -0.00787489      0.868542       0.29307     0.0666277    0.00323744     0.0645118   -0.00298642
# 20      -3.00074      -2.21733    -0.0799383   -0.00629873    -0.0338978   -0.00237879    -0.0066451   -0.00426631     -0.118862  -0.000258564  -0.000413703    -0.0243233  -0.000155138  -7.75692e-05     0.0080672      0.647028     -0.010348  -0.000206851      0.912768      0.603752     0.0166645   -0.00111183    0.00720748     0.0243476   0.000346368  -0.000904974  -0.000206851   0.000630789
# 21      -2.13833      -1.55025    0.00546971    0.00412356    -0.0195216   -0.00183365   1.72376e-05    0.00919303     0.0369714   0.000534905  -0.000318896     0.0135256  -0.000119586   -5.9793e-05      0.139111      0.239374    0.00190476  -0.000159448      0.148587     0.0166645     0.0807604     0.0211694    0.00830907   3.01658e-05    0.00043525  -0.000697584  -0.000159448    0.00065449
# 22      -2.64852      -1.50775    -0.0491261    0.00251023    0.00487555     -0.002131   -0.00301604    0.00498867     0.0480865   -0.00023163  -0.000370609    0.00295948  -0.000138978  -6.94891e-05      0.164349    -0.0968727    -0.0105855  -0.000185304   -0.00787489   -0.00111183     0.0211694     0.0863755    0.00443761    0.00775423    0.00479206    0.00506301  -0.000185304  -9.26521e-05
# 23      -3.85173      -2.43585    -0.0384593   -0.00614736    -0.0335056    -0.0030726   -0.00197532  -0.000371147    -0.0907248  -0.000333979  -0.000534366     0.0738809  -0.000200387  -0.000100194      0.119818      0.618203    -0.0086549  -0.000267183      0.868542    0.00720748    0.00830907    0.00443761      0.157988     0.0161834    0.00243589    0.00397058  -0.000267183  -0.000133591
# 24      -2.50581      -3.23637    0.00817601     -0.003489     0.0199401   -0.00540184   -0.00481091     0.0123384     -0.148297   0.000147058   -0.00093945    -0.0251621  -0.000352294  -0.000176147     0.0587011      0.842442     0.0979834  -0.000469725       0.29307     0.0243476   3.01658e-05    0.00775423     0.0161834      0.130898   -0.00014652    0.00308445  -0.000469725   0.000499352
# 25     -0.937731     -0.403313    0.00961912    -0.0021978     0.0121676  -0.000743372   -0.00134238   -0.00133322     0.0454087  -8.08013e-05  -0.000129282   -0.00108489  -4.84808e-05  -2.42404e-05      0.023079    0.00189344   -2.1547e-05   -6.4641e-05     0.0666277   0.000346368    0.00043525    0.00479206    0.00243589   -0.00014652     0.0197026    0.00045141   -6.4641e-05   0.000701894
# 26      -1.71007     -0.378165     -0.011574   -0.00439397    0.00611989    0.00560761    0.00690205   -0.00311085    0.00169521  -0.000188536  -0.000301658     0.0153345  -0.000113122  -5.65609e-05     0.0198324     -0.066556     0.0354368  -0.000150829    0.00323744  -0.000904974  -0.000697584    0.00506301    0.00397058    0.00308445    0.00045141      0.110206  -0.000150829  -7.54145e-05
# 27     -0.500123     -0.231644    -0.0140573   -0.00117216   -0.00564963  -0.000396465   -0.00110752  -0.000711051    -0.0204223   -4.3094e-05  -6.89504e-05   -0.00723549  -2.58564e-05  -1.29282e-05   -0.00452918     0.0328258    -0.0019694  -3.44752e-05     0.0645118  -0.000206851  -0.000159448  -0.000185304  -0.000267183  -0.000469725   -6.4641e-05  -0.000150829     0.0175867  -1.72376e-05
# 28    -0.0951424     -0.109948    0.00838987  -0.000586079   0.000846259  -0.000198232  -0.000553758  -0.000355526   -0.00140056   -2.1547e-05  -3.44752e-05     0.0176745  -1.29282e-05   -6.4641e-06    0.00287491   -0.00928461    0.00121794  -1.72376e-05   -0.00298642   0.000630789    0.00065449  -9.26521e-05  -0.000133591   0.000499352   0.000701894  -7.54145e-05  -1.72376e-05    0.00292824

# correlation matrix

#                1             2             3             4             5             6             7             8             9            10            11            12            13            14            15            16            17            18            19            20            21            22            23            24            25            26            27            28
#  1             1     -0.445414     -0.212132     0.0358877    -0.0859888     0.0669364    0.00184345     0.0245284     -0.167524    -0.0461095    -0.0124536     0.0283825    0.00592154     0.0365297     -0.225225     -0.158978     0.0231002     0.0394959      -0.14018    -0.0377533    -0.0735582    -0.0880974    -0.0947326    -0.0677076    -0.0653089    -0.0503576    -0.0368673    -0.0171881
#  2     -0.445414             1    -0.0127444    -0.0555021      0.022404     0.0266395     -0.031684    -0.0343291     0.0953062   -0.00769776    -0.0208063     -0.112068    0.00199964    -0.0164452      -0.13163     -0.100996    -0.0696923    -0.0232656    -0.0999676    -0.0271841    -0.0519656    -0.0488708    -0.0583784    -0.0852129    -0.0273712    -0.0108516    -0.0166397    -0.0193553
